  38  33  64  86  60  18  82  23  47  37
  81  31  94  13  81  75  82  76  31  96
  74  33  71   2  81  77  80  15  57  83
  61  89  96  61  38  94  48  34   5  69
  62  63  85  30  57  18   9   9  90  79
  95  61  76   2  22  76  42  33  86  78
  31  22  60  56  35  57  58  53  85  92
  46  70  66  17  40  77  96  28  75   7
  75  33  29  10  42  67  31  77  84  80
   2  85  81  52  23  50  62  69  43  0
average is 54.72
number of elements above the average:56
the begin number:
1 2 3 4 5 6 7 8 9 10 
11 12 13 14 15 16 17 18 19 20 
21 22 23 24 25 26 27 28 29 30 
31 32 33 34 35 36 37 38 39 40 
41 42 43 44 45 46 47 48 49 50 51 52 53 54 55 56 57 58 59 60 
61 62 63 64 65 66 67 68 69 70 
71 72 73 74 75 76 77 78 79 80 
81 82 83 84 85 86 87 88 89 90 
91 92 93 94 95 96 97 98 99 100 
the shuffing number:
9 1 57 50 36 15 87 77 92 56 
3 63 54 72 32 27 22 19 16 20 
82 14 69 26 62 58 73 10 94 60 
65 74 4 46 40 34 91 33 23 78 
48 51 52 35 44 11 93 55 49 24 
47 85 84 45 80 2 7 28 64 37 
25 98 38 30 13 100 21 42 83 90 
43 59 39 68 79 96 71 12 6 66 
70 95 75 18 5 31 76 86 97 88 
81 41 29 67 17 8 53 61 99 89 
the for each:
9 
1 
57 
50 
36 
15 
87 
77 
92 
56 
3 
63 
54 
72 
32 
27 
22 
19 
16 
20 
82 
14 
69 
26 
62 
58 
73 
10 
94 
60 
65 
74 
4 
46 
40 
34 
91 
33 
23 
78 
48 
51 
52 
35 
44 
11 
93 
55 
49 
24 
47 
85 
84 
45 
80 
2 
7 
28 
64 
37 
25 
98 
38 
30 
13 
100 
21 
42 
83 
90 
43 
59 
39 
68 
79 
96 
71 
12 
6 
66 
70 
95 
75 
18 
5 
31 
76 
86 
97 
88 
81 
41 
29 
67 
17 
8 
53 
61 
99 
89 
